width: 1280
height: 720
fx: 1057.6584718228771
fy: 1057.675935355411
cx: 638.61541491989351
cy: 352.60960368920223
k1: 0.12310938280818443
k2: -0.16822256833832319
p1: 0.00073109478289820075
p2: 0.00028627092630205951
k3: -0.16053985087391937